circle
258 238 0 200
circle
162 318 0 18
circle
346 318 0 18
line
90 256 0 188 256 0
bezier
90 256 56 376 205 395 188 256
line
265 256 0 376 256 0
bezier
265 256 246 414 411 358 376 256
line
112 212 0 368 212 0
bezier
112 212 97 56 392 0 368 212
bezier
210 79 209 123 257 186 340 106
circle
268 238 0 200
circle
172 318 0 18
circle
356 318 0 18
line
100 256 0 198 256 0
bezier
100 256 66 376 215 395 198 256
line
275 256 0 386 256 0
bezier
275 256 256 414 421 358 386 256
line
122 212 0 378 212 0
bezier
122 212 107 56 402 0 378 212
bezier
220 79 219 123 267 186 350 106
display
save
epic.png
